(kicad_pcb (version 20171130) (host pcbnew 5.1.7-a382d34a8~87~ubuntu16.04.1)

  (general
    (thickness 1.6)
    (drawings 9)
    (tracks 653)
    (zones 0)
    (modules 34)
    (nets 94)
  )

  (page A4)
  (layers
    (0 F.Cu signal)
    (31 B.Cu signal)
    (32 B.Adhes user)
    (33 F.Adhes user)
    (34 B.Paste user)
    (35 F.Paste user)
    (36 B.SilkS user)
    (37 F.SilkS user)
    (38 B.Mask user)
    (39 F.Mask user)
    (40 Dwgs.User user)
    (41 Cmts.User user)
    (42 Eco1.User user)
    (43 Eco2.User user)
    (44 Edge.Cuts user)
    (45 Margin user)
    (46 B.CrtYd user)
    (47 F.CrtYd user)
    (48 B.Fab user)
    (49 F.Fab user)
  )

  (setup
    (last_trace_width 0.25)
    (user_trace_width 0.2)
    (user_trace_width 0.3)
    (user_trace_width 0.35)
    (user_trace_width 0.5)
    (trace_clearance 0.2)
    (zone_clearance 0.508)
    (zone_45_only no)
    (trace_min 0.2)
    (via_size 0.8)
    (via_drill 0.4)
    (via_min_size 0.4)
    (via_min_drill 0.3)
    (uvia_size 0.3)
    (uvia_drill 0.1)
    (uvias_allowed no)
    (uvia_min_size 0.2)
    (uvia_min_drill 0.1)
    (edge_width 0.05)
    (segment_width 0.2)
    (pcb_text_width 0.3)
    (pcb_text_size 1.5 1.5)
    (mod_edge_width 0.12)
    (mod_text_size 1 1)
    (mod_text_width 0.15)
    (pad_size 1.524 1.524)
    (pad_drill 0.762)
    (pad_to_mask_clearance 0.05)
    (aux_axis_origin 0 0)
    (visible_elements FFFFFFFF)
    (pcbplotparams
      (layerselection 0x010fc_ffffffff)
      (usegerberextensions false)
      (usegerberattributes true)
      (usegerberadvancedattributes true)
      (creategerberjobfile true)
      (excludeedgelayer false)
      (linewidth 0.150000)
      (plotframeref false)
      (viasonmask false)
      (mode 1)
      (useauxorigin true)
      (hpglpennumber 1)
      (hpglpenspeed 20)
      (hpglpendiameter 15.000000)
      (psnegative false)
      (psa4output false)
      (plotreference true)
      (plotvalue true)
      (plotinvisibletext false)
      (padsonsilk false)
      (subtractmaskfromsilk false)
      (outputformat 1)
      (mirror false)
      (drillshape 0)
      (scaleselection 1)
      (outputdirectory "plots/"))
  )

  (net 0 "")
  (net 1 GND)
  (net 2 +5V)
  (net 3 "Net-(C2-Pad1)")
  (net 4 +3V8)
  (net 5 +3V3)
  (net 6 +1V2)
  (net 7 +1V8)
  (net 8 VAA)
  (net 9 VDD)
  (net 10 "Net-(J1-Pad9)")
  (net 11 "Net-(J1-Pad10)")
  (net 12 /MIPI_CSI_CAM_nRST__RST_0_IS)
  (net 13 /RST_1)
  (net 14 /SPI_MISO)
  (net 15 /SPI_MOSI)
  (net 16 /GPIO0_XMASTER0)
  (net 17 /GPIO8_XMASTER1)
  (net 18 /I2C_SCL__I2C_0_SCL)
  (net 19 /I2C_1_CSL)
  (net 20 /SPI_CS)
  (net 21 /SPI_SCK)
  (net 22 /GPIO1_XVS0)
  (net 23 /GPIO9_XVS1)
  (net 24 /I2C_SDA__I2C_0_SDA)
  (net 25 /I2C_1_SDA)
  (net 26 /GPIO2_XHS0)
  (net 27 /GPIO10_XHS1)
  (net 28 /GPIO3_XTRIG0)
  (net 29 /GPIO11_XTRIG1)
  (net 30 /MIPI_CSI_CAM_PWDN__PWR_EN_0)
  (net 31 /PWR_EN_1)
  (net 32 /GPIO6_SLAMODE)
  (net 33 /GPIO7)
  (net 34 /MCLK0_INCK)
  (net 35 /GPIO4_UART_TXD)
  (net 36 /MCLK_1)
  (net 37 /GPIO5_UART_RXD)
  (net 38 /MIPI_CSI_CLK1_P__D_CLK_1_P)
  (net 39 /MIPI_CSI_CLK1_N__D_CLK_1_N)
  (net 40 /MIPI_CSI_D0_N__D_DATA_0_N)
  (net 41 /MIPI_CSI_D0_P__D_DATA_0_P)
  (net 42 /MIPI_CSI_CLK0_N__D_CLK_0_N)
  (net 43 /MIPI_CSI_CLK0_P__D_CLK_0_P)
  (net 44 +12V)
  (net 45 /EXT_MCLK)
  (net 46 /INT_MCLK)
  (net 47 "Net-(U1-Pad4)")
  (net 48 "Net-(U2-Pad4)")
  (net 49 "Net-(U3-Pad1)")
  (net 50 "Net-(J1-Pad46)")
  (net 51 "Net-(J1-Pad48)")
  (net 52 "Net-(J1-Pad52)")
  (net 53 "Net-(J1-Pad54)")
  (net 54 "Net-(J1-Pad57)")
  (net 55 "Net-(J1-Pad59)")
  (net 56 /CAM_PWDN)
  (net 57 "Net-(J1-Pad1)")
  (net 58 "Net-(J1-Pad2)")
  (net 59 "Net-(J1-Pad3)")
  (net 60 "Net-(J1-Pad4)")
  (net 61 "Net-(J1-Pad33)")
  (net 62 "Net-(J1-Pad41)")
  (net 63 "Net-(J1-Pad45)")
  (net 64 "Net-(J1-Pad47)")
  (net 65 /MIPI_CSI_D0_N__D_DATA_0_P)
  (net 66 "Net-(J2-Pad5)")
  (net 67 "Net-(J2-Pad6)")
  (net 68 /MIPI_CSI_CLK0_N__D_CLK_0_P)
  (net 69 /CAM_MCLK)
  (net 70 "Net-(R1-Pad1)")
  (net 71 /SDA_1V8)
  (net 72 /SCL_1V8)
  (net 73 "Net-(C1-Pad1)")
  (net 74 "Net-(C4-Pad1)")
  (net 75 /XCLR)
  (net 76 "Net-(J1-Pad16)")
  (net 77 "Net-(J1-Pad17)")
  (net 78 /SDO)
  (net 79 /TOUT1)
  (net 80 "Net-(J1-Pad22)")
  (net 81 /XCE)
  (net 82 "Net-(J1-Pad24)")
  (net 83 /TOUT2)
  (net 84 "Net-(J1-Pad28)")
  (net 85 "Net-(J1-Pad30)")
  (net 86 /TOUT0)
  (net 87 "Net-(J1-Pad34)")
  (net 88 "Net-(J1-Pad36)")
  (net 89 "Net-(J1-Pad40)")
  (net 90 "Net-(J1-Pad42)")
  (net 91 /INCK)
  (net 92 /CAM_SCL)
  (net 93 /CAM_SDA)

  (net_class Default "This is the default net class."
    (clearance 0.2)
    (trace_width 0.25)
    (via_dia 0.8)
    (via_drill 0.4)
    (uvia_dia 0.3)
    (uvia_drill 0.1)
    (add_net +12V)
    (add_net +1V2)
    (add_net +1V8)
    (add_net +3V3)
    (add_net +3V8)
    (add_net +5V)
    (add_net /CAM_MCLK)
    (add_net /CAM_PWDN)
    (add_net /CAM_SCL)
    (add_net /CAM_SDA)
    (add_net /EXT_MCLK)
    (add_net /GPIO0_XMASTER0)
    (add_net /GPIO10_XHS1)
    (add_net /GPIO11_XTRIG1)
    (add_net /GPIO1_XVS0)
    (add_net /GPIO2_XHS0)
    (add_net /GPIO3_XTRIG0)
    (add_net /GPIO4_UART_TXD)
    (add_net /GPIO5_UART_RXD)
    (add_net /GPIO6_SLAMODE)
    (add_net /GPIO7)
    (add_net /GPIO8_XMASTER1)
    (add_net /GPIO9_XVS1)
    (add_net /I2C_1_CSL)
    (add_net /I2C_1_SDA)
    (add_net /I2C_SCL__I2C_0_SCL)
    (add_net /I2C_SDA__I2C_0_SDA)
    (add_net /INCK)
    (add_net /INT_MCLK)
    (add_net /MCLK0_INCK)
    (add_net /MCLK_1)
    (add_net /MIPI_CSI_CAM_PWDN__PWR_EN_0)
    (add_net /MIPI_CSI_CAM_nRST__RST_0_IS)
    (add_net /MIPI_CSI_CLK0_N__D_CLK_0_N)
    (add_net /MIPI_CSI_CLK0_N__D_CLK_0_P)
    (add_net /MIPI_CSI_CLK0_P__D_CLK_0_P)
    (add_net /MIPI_CSI_CLK1_N__D_CLK_1_N)
    (add_net /MIPI_CSI_CLK1_P__D_CLK_1_P)
    (add_net /MIPI_CSI_D0_N__D_DATA_0_N)
    (add_net /MIPI_CSI_D0_N__D_DATA_0_P)
    (add_net /MIPI_CSI_D0_P__D_DATA_0_P)
    (add_net /PWR_EN_1)
    (add_net /RST_1)
    (add_net /SCL_1V8)
    (add_net /SDA_1V8)
    (add_net /SDO)
    (add_net /SPI_CS)
    (add_net /SPI_MISO)
    (add_net /SPI_MOSI)
    (add_net /SPI_SCK)
    (add_net /TOUT0)
    (add_net /TOUT1)
    (add_net /TOUT2)
    (add_net /XCE)
    (add_net /XCLR)
    (add_net GND)
    (add_net "Net-(C1-Pad1)")
    (add_net "Net-(C2-Pad1)")
    (add_net "Net-(C4-Pad1)")
    (add_net "Net-(J1-Pad1)")
    (add_net "Net-(J1-Pad10)")
    (add_net "Net-(J1-Pad16)")
    (add_net "Net-(J1-Pad17)")
    (add_net "Net-(J1-Pad2)")
    (add_net "Net-(J1-Pad22)")
    (add_net "Net-(J1-Pad24)")
    (add_net "Net-(J1-Pad28)")
    (add_net "Net-(J1-Pad3)")
    (add_net "Net-(J1-Pad30)")
    (add_net "Net-(J1-Pad33)")
    (add_net "Net-(J1-Pad34)")
    (add_net "Net-(J1-Pad36)")
    (add_net "Net-(J1-Pad4)")
    (add_net "Net-(J1-Pad40)")
    (add_net "Net-(J1-Pad41)")
    (add_net "Net-(J1-Pad42)")
    (add_net "Net-(J1-Pad45)")
    (add_net "Net-(J1-Pad46)")
    (add_net "Net-(J1-Pad47)")
    (add_net "Net-(J1-Pad48)")
    (add_net "Net-(J1-Pad52)")
    (add_net "Net-(J1-Pad54)")
    (add_net "Net-(J1-Pad57)")
    (add_net "Net-(J1-Pad59)")
    (add_net "Net-(J1-Pad9)")
    (add_net "Net-(J2-Pad5)")
    (add_net "Net-(J2-Pad6)")
    (add_net "Net-(R1-Pad1)")
    (add_net "Net-(U1-Pad4)")
    (add_net "Net-(U2-Pad4)")
    (add_net "Net-(U3-Pad1)")
    (add_net VAA)
    (add_net VDD)
  )

  (module DF40HC_4.0_-60DS-0:DF40HC4060DS04V51 (layer F.Cu) (tedit 5F360B1C) (tstamp 5F29815C)
    (at 122.75 73.35 180)
    (descr "DF40HC(4.0)-60DS-0.4V(51)-2")
    (tags Connector)
    (path /5F2205C4)
    (attr smd)
    (fp_text reference J1 (at -7.2 -2.55) (layer F.SilkS)
      (effects (font (size 1 1) (thickness 0.15)))
    )
    (fp_text value "DF40HC(4.0)-60DS-0.4V(51)" (at 0 0) (layer F.SilkS) hide
      (effects (font (size 1.27 1.27) (thickness 0.254)))
    )
    (fp_line (start 7.3 1.47) (end 6.5 1.47) (layer F.SilkS) (width 0.1))
    (fp_line (start 7.3 -1.47) (end 7.3 1.47) (layer F.SilkS) (width 0.1))
    (fp_line (start 6.5 -1.47) (end 7.3 -1.47) (layer F.SilkS) (width 0.1))
    (fp_line (start -7.3 1.5) (end -6.5 1.47) (layer F.SilkS) (width 0.1))
    (fp_line (start -7.3 -1.47) (end -7.3 1.5) (layer F.SilkS) (width 0.1))
    (fp_line (start -6.5 -1.5) (end -7.3 -1.47) (layer F.SilkS) (width 0.1))
    (fp_line (start -8.3 2.89) (end -8.3 -2.89) (layer F.CrtYd) (width 0.1))
    (fp_line (start 8.3 2.89) (end -8.3 2.89) (layer F.CrtYd) (width 0.1))
    (fp_line (start 8.3 -2.89) (end 8.3 2.89) (layer F.CrtYd) (width 0.1))
    (fp_line (start -8.3 -2.89) (end 8.3 -2.89) (layer F.CrtYd) (width 0.1))
    (fp_line (start -7.3 1.47) (end -7.3 -1.47) (layer F.Fab) (width 0.2))
    (fp_line (start 7.3 1.47) (end -7.3 1.47) (layer F.Fab) (width 0.2))
    (fp_line (start 7.3 -1.47) (end 7.3 1.47) (layer F.Fab) (width 0.2))
    (fp_line (start -7.3 -1.47) (end 7.3 -1.47) (layer F.Fab) (width 0.2))
    (fp_text user %R (at 0 0) (layer F.Fab)
      (effects (font (size 1.27 1.27) (thickness 0.254)))
    )
    (pad 60 smd rect (at 5.8 -1.54 180) (size 0.2 0.7) (layers F.Cu F.Paste F.Mask)
      (net 42 /MIPI_CSI_CLK0_N__D_CLK_0_N))
    (pad 59 smd rect (at 5.8 1.54 180) (size 0.2 0.7) (layers F.Cu F.Paste F.Mask)
      (net 55 "Net-(J1-Pad59)"))
    (pad 58 smd rect (at 5.4 -1.54 180) (size 0.2 0.7) (layers F.Cu F.Paste F.Mask)
      (net 43 /MIPI_CSI_CLK0_P__D_CLK_0_P))
    (pad 57 smd rect (at 5.4 1.54 180) (size 0.2 0.7) (layers F.Cu F.Paste F.Mask)
      (net 54 "Net-(J1-Pad57)"))
    (pad 56 smd rect (at 5 -1.54 180) (size 0.2 0.7) (layers F.Cu F.Paste F.Mask)
      (net 1 GND))
    (pad 55 smd rect (at 5 1.54 180) (size 0.2 0.7) (layers F.Cu F.Paste F.Mask)
      (net 1 GND))
    (pad 54 smd rect (at 4.6 -1.54 180) (size 0.2 0.7) (layers F.Cu F.Paste F.Mask)
      (net 53 "Net-(J1-Pad54)"))
    (pad 53 smd rect (at 4.6 1.54 180) (size 0.2 0.7) (layers F.Cu F.Paste F.Mask)
      (net 41 /MIPI_CSI_D0_P__D_DATA_0_P))
    (pad 52 smd rect (at 4.2 -1.54 180) (size 0.2 0.7) (layers F.Cu F.Paste F.Mask)
      (net 52 "Net-(J1-Pad52)"))
    (pad 51 smd rect (at 4.2 1.54 180) (size 0.2 0.7) (layers F.Cu F.Paste F.Mask)
      (net 40 /MIPI_CSI_D0_N__D_DATA_0_N))
    (pad 50 smd rect (at 3.8 -1.54 180) (size 0.2 0.7) (layers F.Cu F.Paste F.Mask)
      (net 1 GND))
    (pad 49 smd rect (at 3.8 1.54 180) (size 0.2 0.7) (layers F.Cu F.Paste F.Mask)
      (net 1 GND))
    (pad 48 smd rect (at 3.4 -1.54 180) (size 0.2 0.7) (layers F.Cu F.Paste F.Mask)
      (net 51 "Net-(J1-Pad48)"))
    (pad 47 smd rect (at 3.4 1.54 180) (size 0.2 0.7) (layers F.Cu F.Paste F.Mask)
      (net 39 /MIPI_CSI_CLK1_N__D_CLK_1_N))
    (pad 46 smd rect (at 3 -1.54 180) (size 0.2 0.7) (layers F.Cu F.Paste F.Mask)
      (net 50 "Net-(J1-Pad46)"))
    (pad 45 smd rect (at 3 1.54 180) (size 0.2 0.7) (layers F.Cu F.Paste F.Mask)
      (net 38 /MIPI_CSI_CLK1_P__D_CLK_1_P))
    (pad 44 smd rect (at 2.6 -1.54 180) (size 0.2 0.7) (layers F.Cu F.Paste F.Mask)
      (net 1 GND))
    (pad 43 smd rect (at 2.6 1.54 180) (size 0.2 0.7) (layers F.Cu F.Paste F.Mask)
      (net 1 GND))
    (pad 42 smd rect (at 2.2 -1.54 180) (size 0.2 0.7) (layers F.Cu F.Paste F.Mask)
      (net 37 /GPIO5_UART_RXD))
    (pad 41 smd rect (at 2.2 1.54 180) (size 0.2 0.7) (layers F.Cu F.Paste F.Mask)
      (net 36 /MCLK_1))
    (pad 40 smd rect (at 1.8 -1.54 180) (size 0.2 0.7) (layers F.Cu F.Paste F.Mask)
      (net 35 /GPIO4_UART_TXD))
    (pad 39 smd rect (at 1.8 1.54 180) (size 0.2 0.7) (layers F.Cu F.Paste F.Mask)
      (net 34 /MCLK0_INCK))
    (pad 38 smd rect (at 1.4 -1.54 180) (size 0.2 0.7) (layers F.Cu F.Paste F.Mask)
      (net 1 GND))
    (pad 37 smd rect (at 1.4 1.54 180) (size 0.2 0.7) (layers F.Cu F.Paste F.Mask)
      (net 1 GND))
    (pad 36 smd rect (at 1 -1.54 180) (size 0.2 0.7) (layers F.Cu F.Paste F.Mask)
      (net 33 /GPIO7))
    (pad 35 smd rect (at 1 1.54 180) (size 0.2 0.7) (layers F.Cu F.Paste F.Mask)
      (net 32 /GPIO6_SLAMODE))
    (pad 34 smd rect (at 0.6 -1.54 180) (size 0.2 0.7) (layers F.Cu F.Paste F.Mask)
      (net 31 /PWR_EN_1))
    (pad 33 smd rect (at 0.6 1.54 180) (size 0.2 0.7) (layers F.Cu F.Paste F.Mask)
      (net 30 /MIPI_CSI_CAM_PWDN__PWR_EN_0))
    (pad 32 smd rect (at 0.2 -1.54 180) (size 0.2 0.7) (layers F.Cu F.Paste F.Mask)
      (net 29 /GPIO11_XTRIG1))
    (pad 31 smd rect (at 0.2 1.54 180) (size 0.2 0.7) (layers F.Cu F.Paste F.Mask)
      (net 28 /GPIO3_XTRIG0))
    (pad 30 smd rect (at -0.2 -1.54 180) (size 0.2 0.7) (layers F.Cu F.Paste F.Mask)
      (net 27 /GPIO10_XHS1))
    (pad 29 smd rect (at -0.2 1.54 180) (size 0.2 0.7) (layers F.Cu F.Paste F.Mask)
      (net 26 /GPIO2_XHS0))
    (pad 28 smd rect (at -0.6 -1.54 180) (size 0.2 0.7) (layers F.Cu F.Paste F.Mask)
      (net 25 /I2C_1_SDA))
    (pad 27 smd rect (at -0.6 1.54 180) (size 0.2 0.7) (layers F.Cu F.Paste F.Mask)
      (net 24 /I2C_SDA__I2C_0_SDA))
    (pad 26 smd rect (at -1 -1.54 180) (size 0.2 0.7) (layers F.Cu F.Paste F.Mask)
      (net 23 /GPIO9_XVS1))
    (pad 25 smd rect (at -1 1.54 180) (size 0.2 0.7) (layers F.Cu F.Paste F.Mask)
      (net 22 /GPIO1_XVS0))
    (pad 24 smd rect (at -1.4 -1.54 180) (size 0.2 0.7) (layers F.Cu F.Paste F.Mask)
      (net 21 /SPI_SCK))
    (pad 23 smd rect (at -1.4 1.54 180) (size 0.2 0.7) (layers F.Cu F.Paste F.Mask)
      (net 20 /SPI_CS))
    (pad 22 smd rect (at -1.8 -1.54 180) (size 0.2 0.7) (layers F.Cu F.Paste F.Mask)
      (net 19 /I2C_1_CSL))
    (pad 21 smd rect (at -1.8 1.54 180) (size 0.2 0.7) (layers F.Cu F.Paste F.Mask)
      (net 18 /I2C_SCL__I2C_0_SCL))
    (pad 20 smd rect (at -2.2 -1.54 180) (size 0.2 0.7) (layers F.Cu F.Paste F.Mask)
      (net 17 /GPIO8_XMASTER1))
    (pad 19 smd rect (at -2.2 1.54 180) (size 0.2 0.7) (layers F.Cu F.Paste F.Mask)
      (net 16 /GPIO0_XMASTER0))
    (pad 18 smd rect (at -2.6 -1.54 180) (size 0.2 0.7) (layers F.Cu F.Paste F.Mask)
      (net 15 /SPI_MOSI))
    (pad 17 smd rect (at -2.6 1.54 180) (size 0.2 0.7) (layers F.Cu F.Paste F.Mask)
      (net 14 /SPI_MISO))
    (pad 16 smd rect (at -3 -1.54 180) (size 0.2 0.7) (layers F.Cu F.Paste F.Mask)
      (net 13 /RST_1))
    (pad 15 smd rect (at -3 1.54 180) (size 0.2 0.7) (layers F.Cu F.Paste F.Mask)
      (net 12 /MIPI_CSI_CAM_nRST__RST_0_IS))
    (pad 14 smd rect (at -3.4 -1.54 180) (size 0.2 0.7) (layers F.Cu F.Paste F.Mask)
      (net 1 GND))
    (pad 13 smd rect (at -3.4 1.54 180) (size 0.2 0.7) (layers F.Cu F.Paste F.Mask)
      (net 1 GND))
    (pad 12 smd rect (at -3.8 -1.54 180) (size 0.2 0.7) (layers F.Cu F.Paste F.Mask)
      (net 1 GND))
    (pad 11 smd rect (at -3.8 1.54 180) (size 0.2 0.7) (layers F.Cu F.Paste F.Mask)
      (net 1 GND))
    (pad 10 smd rect (at -4.2 -1.54 180) (size 0.2 0.7) (layers F.Cu F.Paste F.Mask)
      (net 11 "Net-(J1-Pad10)"))
    (pad 9 smd rect (at -4.2 1.54 180) (size 0.2 0.7) (layers F.Cu F.Paste F.Mask)
      (net 10 "Net-(J1-Pad9)"))
    (pad 8 smd rect (at -4.6 -1.54 180) (size 0.2 0.7) (layers F.Cu F.Paste F.Mask)
      (net 9 VDD))
    (pad 7 smd rect (at -4.6 1.54 180) (size 0.2 0.7) (layers F.Cu F.Paste F.Mask)
      (net 8 VAA))
    (pad 6 smd rect (at -5 -1.54 180) (size 0.2 0.7) (layers F.Cu F.Paste F.Mask)
      (net 9 VDD))
    (pad 5 smd rect (at -5 1.54 180) (size 0.2 0.7) (layers F.Cu F.Paste F.Mask)
      (net 8 VAA))
    (pad 4 smd rect (at -5.4 -1.54 180) (size 0.2 0.7) (layers F.Cu F.Paste F.Mask)
      (net 7 +1V8))
    (pad 3 smd rect (at -5.4 1.54 180) (size 0.2 0.7) (layers F.Cu F.Paste F.Mask)
      (net 4 +3V8))
    (pad 2 smd rect (at -5.8 -1.54 180) (size 0.2 0.7) (layers F.Cu F.Paste F.Mask)
      (net 7 +1V8))
    (pad 1 smd rect (at -5.8 1.54 180) (size 0.2 0.7) (layers F.Cu F.Paste F.Mask)
      (net 4 +3V8))
    (model /home/khang/Workspace/Dev/Dynimlabs/dynim_imx8_camera_adapters/libraries/KiCad/Connectors/HRS/DF40HC_4.0_-60DS-0.4V_51_/DF40HC_4.0_-60DS.stp
      (offset (xyz 5.87 0 2.5))
      (scale (xyz 1 1 1))
      (rotate (xyz -90 0 90))
    )
  )

  (module LP5907QMFX-3:SOT95P280X145-5N (layer B.Cu) (tedit 5F36014E) (tstamp 5F2982EE)
    (at 125.35 73.3 270)
    (path /5F24A5DF)
    (fp_text reference U1 (at -0.2 2.6 180) (layer B.SilkS)
      (effects (font (size 1 1) (thickness 0.15)) (justify mirror))
    )
    (fp_text value LP5907QMFX-3.8Q1 (at 5.528 -2.508 270) (layer B.Fab)
      (effects (font (size 0.8 0.8) (thickness 0.015)) (justify mirror))
    )
    (fp_line (start -2.11 -1.7) (end -2.11 1.7) (layer B.CrtYd) (width 0.05))
    (fp_line (start 2.11 -1.7) (end -2.11 -1.7) (layer B.CrtYd) (width 0.05))
    (fp_line (start 2.11 1.7) (end 2.11 -1.7) (layer B.CrtYd) (width 0.05))
    (fp_line (start -2.11 1.7) (end 2.11 1.7) (layer B.CrtYd) (width 0.05))
    (fp_line (start 0.8 -1.45) (end -0.8 -1.45) (layer B.Fab) (width 0.127))
    (fp_line (start -0.8 1.45) (end 0.8 1.45) (layer B.Fab) (width 0.127))
    (fp_line (start 0.8 1.45) (end 0.8 -1.45) (layer B.Fab) (width 0.127))
    (fp_line (start -0.8 -1.45) (end -0.8 1.45) (layer B.Fab) (width 0.127))
    (fp_line (start 0.33 -1.45) (end -0.33 -1.45) (layer B.SilkS) (width 0.127))
    (fp_line (start 0.8 0.335) (end 0.8 -0.335) (layer B.SilkS) (width 0.127))
    (fp_line (start -0.33 1.45) (end 0.33 1.45) (layer B.SilkS) (width 0.127))
    (fp_circle (center -2.41 1.05) (end -2.31 1.05) (layer B.Fab) (width 0.2))
    (fp_circle (center -2.41 1.05) (end -2.31 1.05) (layer B.SilkS) (width 0.2))
    (pad 5 smd rect (at 1.255 0.95 270) (size 1.21 0.59) (layers B.Cu B.Paste B.Mask)
      (net 4 +3V8))
    (pad 4 smd rect (at 1.255 -0.95 270) (size 1.21 0.59) (layers B.Cu B.Paste B.Mask)
      (net 47 "Net-(U1-Pad4)"))
    (pad 3 smd rect (at -1.255 -0.95 270) (size 1.21 0.59) (layers B.Cu B.Paste B.Mask)
      (net 3 "Net-(C2-Pad1)"))
    (pad 2 smd rect (at -1.255 0 270) (size 1.21 0.59) (layers B.Cu B.Paste B.Mask)
      (net 1 GND))
    (pad 1 smd rect (at -1.255 0.95 270) (size 1.21 0.59) (layers B.Cu B.Paste B.Mask)
      (net 2 +5V))
    (model ${KISYS3DMOD}/Package_TO_SOT_SMD.3dshapes/SOT-23-5.wrl
      (at (xyz 0 0 0))
      (scale (xyz 1 1 1))
      (rotate (xyz 0 0 0))
    )
  )

  (module MountingHole:MountingHole_2.2mm_M2_ISO14580_Pad (layer F.Cu) (tedit 56D1B4CB) (tstamp 5F29A7B8)
    (at 111.7 52.5)
    (descr "Mounting Hole 2.2mm, M2, ISO14580")
    (tags "mounting hole 2.2mm m2 iso14580")
    (attr virtual)
    (fp_text reference LU (at 0.05 3.1) (layer F.SilkS) hide
      (effects (font (size 1 1) (thickness 0.15)))
    )
    (fp_text value MountingHole_2.2mm_M2_ISO14580_Pad (at 0 2.9) (layer F.Fab)
      (effects (font (size 1 1) (thickness 0.15)))
    )
    (fp_circle (center 0 0) (end 2.15 0) (layer F.CrtYd) (width 0.05))
    (fp_circle (center 0 0) (end 1.9 0) (layer Cmts.User) (width 0.15))
    (fp_text user %R (at 0.3 0) (layer F.Fab)
      (effects (font (size 1 1) (thickness 0.15)))
    )
    (pad 1 thru_hole circle (at 0 0) (size 3.8 3.8) (drill 2.2) (layers *.Cu *.Mask))
  )

  (module MountingHole:MountingHole_2.2mm_M2_ISO14580_Pad (layer F.Cu) (tedit 56D1B4CB) (tstamp 5F29A79B)
    (at 133.7 52.5)
    (descr "Mounting Hole 2.2mm, M2, ISO14580")
    (tags "mounting hole 2.2mm m2 iso14580")
    (attr virtual)
    (fp_text reference RU (at 0.1 2.95) (layer F.SilkS) hide
      (effects (font (size 1 1) (thickness 0.15)))
    )
    (fp_text value MountingHole_2.2mm_M2_ISO14580_Pad (at 0 2.9) (layer F.Fab)
      (effects (font (size 1 1) (thickness 0.15)))
    )
    (fp_circle (center 0 0) (end 2.15 0) (layer F.CrtYd) (width 0.05))
    (fp_circle (center 0 0) (end 1.9 0) (layer Cmts.User) (width 0.15))
    (fp_text user %R (at 0.3 0) (layer F.Fab)
      (effects (font (size 1 1) (thickness 0.15)))
    )
    (pad 1 thru_hole circle (at 0 0) (size 3.8 3.8) (drill 2.2) (layers *.Cu *.Mask))
  )

  (module MountingHole:MountingHole_2.2mm_M2_ISO14580_Pad (layer F.Cu) (tedit 56D1B4CB) (tstamp 5F29A6D0)
    (at 133.7 74.4)
    (descr "Mounting Hole 2.2mm, M2, ISO14580")
    (tags "mounting hole 2.2mm m2 iso14580")
    (attr virtual)
    (fp_text reference RD (at 0 -2.9) (layer F.SilkS) hide
      (effects (font (size 1 1) (thickness 0.15)))
    )
    (fp_text value MountingHole_2.2mm_M2_ISO14580_Pad (at 0 2.9) (layer F.Fab)
      (effects (font (size 1 1) (thickness 0.15)))
    )
    (fp_circle (center 0 0) (end 2.15 0) (layer F.CrtYd) (width 0.05))
    (fp_circle (center 0 0) (end 1.9 0) (layer Cmts.User) (width 0.15))
    (fp_text user %R (at 0.3 0) (layer F.Fab)
      (effects (font (size 1 1) (thickness 0.15)))
    )
    (pad 1 thru_hole circle (at 0 0) (size 3.8 3.8) (drill 2.2) (layers *.Cu *.Mask))
  )

  (module MountingHole:MountingHole_2.2mm_M2_ISO14580_Pad (layer F.Cu) (tedit 56D1B4CB) (tstamp 5F299DC9)
    (at 111.7 74.4)
    (descr "Mounting Hole 2.2mm, M2, ISO14580")
    (tags "mounting hole 2.2mm m2 iso14580")
    (attr virtual)
    (fp_text reference LD (at 0 -2.9) (layer F.SilkS) hide
      (effects (font (size 1 1) (thickness 0.15)))
    )
    (fp_text value MountingHole_2.2mm_M2_ISO14580_Pad (at 0 2.9) (layer F.Fab)
      (effects (font (size 1 1) (thickness 0.15)))
    )
    (fp_circle (center 0 0) (end 2.15 0) (layer F.CrtYd) (width 0.05))
    (fp_circle (center 0 0) (end 1.9 0) (layer Cmts.User) (width 0.15))
    (fp_text user %R (at 0.3 0) (layer F.Fab)
      (effects (font (size 1 1) (thickness 0.15)))
    )
    (pad 1 thru_hole circle (at 0 0) (size 3.8 3.8) (drill 2.2) (layers *.Cu *.Mask))
  )

  (module Capacitor_SMD:C_0603_1608Metric (layer B.Cu) (tedit 5B301BBE) (tstamp 5F2980B8)
    (at 129.85 74 90)
    (descr "Capacitor SMD 0603 (1608 Metric), square (rectangular) end terminal, IPC_7351 nominal, (Body size source: http://www.tortai-tech.com/upload/download/2011102023233369053.pdf), generated with kicad-footprint-generator")
    (tags capacitor)
    (path /5F23A1EE)
    (attr smd)
    (fp_text reference C1 (at -2.05 0.25 180) (layer B.SilkS)
      (effects (font (size 1 1) (thickness 0.15)) (justify mirror))
    )
    (fp_text value 1uF (at 0 -1.43 90) (layer B.Fab)
      (effects (font (size 1 1) (thickness 0.15)) (justify mirror))
    )
    (fp_line (start 1.48 -0.73) (end -1.48 -0.73) (layer B.CrtYd) (width 0.05))
    (fp_line (start 1.48 0.73) (end 1.48 -0.73) (layer B.CrtYd) (width 0.05))
    (fp_line (start -1.48 0.73) (end 1.48 0.73) (layer B.CrtYd) (width 0.05))
    (fp_line (start -1.48 -0.73) (end -1.48 0.73) (layer B.CrtYd) (width 0.05))
    (fp_line (start -0.162779 -0.51) (end 0.162779 -0.51) (layer B.SilkS) (width 0.12))
    (fp_line (start -0.162779 0.51) (end 0.162779 0.51) (layer B.SilkS) (width 0.12))
    (fp_line (start 0.8 -0.4) (end -0.8 -0.4) (layer B.Fab) (width 0.1))
    (fp_line (start 0.8 0.4) (end 0.8 -0.4) (layer B.Fab) (width 0.1))
    (fp_line (start -0.8 0.4) (end 0.8 0.4) (layer B.Fab) (width 0.1))
    (fp_line (start -0.8 -0.4) (end -0.8 0.4) (layer B.Fab) (width 0.1))
    (fp_text user %R (at 0 0 90) (layer B.Fab)
      (effects (font (size 0.4 0.4) (thickness 0.06)) (justify mirror))
    )
    (pad 2 smd roundrect (at 0.7875 0 90) (size 0.875 0.95) (layers B.Cu B.Paste B.Mask) (roundrect_rratio 0.25)
      (net 1 GND))
    (pad 1 smd roundrect (at -0.7875 0 90) (size 0.875 0.95) (layers B.Cu B.Paste B.Mask) (roundrect_rratio 0.25)
      (net 73 "Net-(C1-Pad1)"))
    (model ${KISYS3DMOD}/Capacitor_SMD.3dshapes/C_0603_1608Metric.wrl
      (at (xyz 0 0 0))
      (scale (xyz 1 1 1))
      (rotate (xyz 0 0 0))
    )
  )

  (module Capacitor_SMD:C_0603_1608Metric (layer B.Cu) (tedit 5B301BBE) (tstamp 5F2980C9)
    (at 129.1 71.7)
    (descr "Capacitor SMD 0603 (1608 Metric), square (rectangular) end terminal, IPC_7351 nominal, (Body size source: http://www.tortai-tech.com/upload/download/2011102023233369053.pdf), generated with kicad-footprint-generator")
    (tags capacitor)
    (path /5F276FBA)
    (attr smd)
    (fp_text reference C2 (at 2.4 -0.05) (layer B.SilkS)
      (effects (font (size 1 1) (thickness 0.15)) (justify mirror))
    )
    (fp_text value 1uF (at 0 -1.43) (layer B.Fab)
      (effects (font (size 1 1) (thickness 0.15)) (justify mirror))
    )
    (fp_line (start -0.8 -0.4) (end -0.8 0.4) (layer B.Fab) (width 0.1))
    (fp_line (start -0.8 0.4) (end 0.8 0.4) (layer B.Fab) (width 0.1))
    (fp_line (start 0.8 0.4) (end 0.8 -0.4) (layer B.Fab) (width 0.1))
    (fp_line (start 0.8 -0.4) (end -0.8 -0.4) (layer B.Fab) (width 0.1))
    (fp_line (start -0.162779 0.51) (end 0.162779 0.51) (layer B.SilkS) (width 0.12))
    (fp_line (start -0.162779 -0.51) (end 0.162779 -0.51) (layer B.SilkS) (width 0.12))
    (fp_line (start -1.48 -0.73) (end -1.48 0.73) (layer B.CrtYd) (width 0.05))
    (fp_line (start -1.48 0.73) (end 1.48 0.73) (layer B.CrtYd) (width 0.05))
    (fp_line (start 1.48 0.73) (end 1.48 -0.73) (layer B.CrtYd) (width 0.05))
    (fp_line (start 1.48 -0.73) (end -1.48 -0.73) (layer B.CrtYd) (width 0.05))
    (fp_text user %R (at 0 0 180) (layer B.Fab)
      (effects (font (size 0.4 0.4) (thickness 0.06)) (justify mirror))
    )
    (pad 1 smd roundrect (at -0.7875 0) (size 0.875 0.95) (layers B.Cu B.Paste B.Mask) (roundrect_rratio 0.25)
      (net 56 /CAM_PWDN))
    (pad 2 smd roundrect (at 0.7875 0) (size 0.875 0.95) (layers B.Cu B.Paste B.Mask) (roundrect_rratio 0.25)
      (net 1 GND))
    (model ${KISYS3DMOD}/Capacitor_SMD.3dshapes/C_0603_1608Metric.wrl
      (at (xyz 0 0 0))
      (scale (xyz 1 1 1))
      (rotate (xyz 0 0 0))
    )
  )

  (module Capacitor_SMD:C_0603_1608Metric (layer B.Cu) (tedit 5B301BBE) (tstamp 5F2980DA)
    (at 120.75 73.9 90)
    (descr "Capacitor SMD 0603 (1608 Metric), square (rectangular) end terminal, IPC_7351 nominal, (Body size source: http://www.tortai-tech.com/upload/download/2011102023233369053.pdf), generated with kicad-footprint-generator")
    (tags capacitor)
    (path /5F34AC62)
    (attr smd)
    (fp_text reference C3 (at 2.55 -0.2) (layer B.SilkS)
      (effects (font (size 1 1) (thickness 0.15)) (justify mirror))
    )
    (fp_text value 10uF (at 0 -1.43 90) (layer B.Fab)
      (effects (font (size 1 1) (thickness 0.15)) (justify mirror))
    )
    (fp_line (start 1.48 -0.73) (end -1.48 -0.73) (layer B.CrtYd) (width 0.05))
    (fp_line (start 1.48 0.73) (end 1.48 -0.73) (layer B.CrtYd) (width 0.05))
    (fp_line (start -1.48 0.73) (end 1.48 0.73) (layer B.CrtYd) (width 0.05))
    (fp_line (start -1.48 -0.73) (end -1.48 0.73) (layer B.CrtYd) (width 0.05))
    (fp_line (start -0.162779 -0.51) (end 0.162779 -0.51) (layer B.SilkS) (width 0.12))
    (fp_line (start -0.162779 0.51) (end 0.162779 0.51) (layer B.SilkS) (width 0.12))
    (fp_line (start 0.8 -0.4) (end -0.8 -0.4) (layer B.Fab) (width 0.1))
    (fp_line (start 0.8 0.4) (end 0.8 -0.4) (layer B.Fab) (width 0.1))
    (fp_line (start -0.8 0.4) (end 0.8 0.4) (layer B.Fab) (width 0.1))
    (fp_line (start -0.8 -0.4) (end -0.8 0.4) (layer B.Fab) (width 0.1))
    (fp_text user %R (at 0 0 90) (layer B.Fab)
      (effects (font (size 0.4 0.4) (thickness 0.06)) (justify mirror))
    )
    (pad 2 smd roundrect (at 0.7875 0 90) (size 0.875 0.95) (layers B.Cu B.Paste B.Mask) (roundrect_rratio 0.25)
      (net 1 GND))
    (pad 1 smd roundrect (at -0.7875 0 90) (size 0.875 0.95) (layers B.Cu B.Paste B.Mask) (roundrect_rratio 0.25)
      (net 7 +1V8))
    (model ${KISYS3DMOD}/Capacitor_SMD.3dshapes/C_0603_1608Metric.wrl
      (at (xyz 0 0 0))
      (scale (xyz 1 1 1))
      (rotate (xyz 0 0 0))
    )
  )

  (module Capacitor_SMD:C_0603_1608Metric (layer F.Cu) (tedit 5B301BBE) (tstamp 5F2980EB)
    (at 122.3 52.5 90)
    (descr "Capacitor SMD 0603 (1608 Metric), square (rectangular) end terminal, IPC_7351 nominal, (Body size source: http://www.tortai-tech.com/upload/download/2011102023233369053.pdf), generated with kicad-footprint-generator")
    (tags capacitor)
    (path /5F41FB0E)
    (attr smd)
    (fp_text reference C4 (at 2.05 0.2 180) (layer F.SilkS)
      (effects (font (size 1 1) (thickness 0.15)))
    )
    (fp_text value 1uF (at 0 1.43 90) (layer F.Fab)
      (effects (font (size 1 1) (thickness 0.15)))
    )
    (fp_line (start -0.8 0.4) (end -0.8 -0.4) (layer F.Fab) (width 0.1))
    (fp_line (start -0.8 -0.4) (end 0.8 -0.4) (layer F.Fab) (width 0.1))
    (fp_line (start 0.8 -0.4) (end 0.8 0.4) (layer F.Fab) (width 0.1))
    (fp_line (start 0.8 0.4) (end -0.8 0.4) (layer F.Fab) (width 0.1))
    (fp_line (start -0.162779 -0.51) (end 0.162779 -0.51) (layer F.SilkS) (width 0.12))
    (fp_line (start -0.162779 0.51) (end 0.162779 0.51) (layer F.SilkS) (width 0.12))
    (fp_line (start -1.48 0.73) (end -1.48 -0.73) (layer F.CrtYd) (width 0.05))
    (fp_line (start -1.48 -0.73) (end 1.48 -0.73) (layer F.CrtYd) (width 0.05))
    (fp_line (start 1.48 -0.73) (end 1.48 0.73) (layer F.CrtYd) (width 0.05))
    (fp_line (start 1.48 0.73) (end -1.48 0.73) (layer F.CrtYd) (width 0.05))
    (fp_text user %R (at 0 0 90) (layer F.Fab)
      (effects (font (size 0.4 0.4) (thickness 0.06)))
    )
    (pad 1 smd roundrect (at -0.7875 0 90) (size 0.875 0.95) (layers F.Cu F.Paste F.Mask) (roundrect_rratio 0.25)
      (net 74 "Net-(C4-Pad1)"))
    (pad 2 smd roundrect (at 0.7875 0 90) (size 0.875 0.95) (layers F.Cu F.Paste F.Mask) (roundrect_rratio 0.25)
      (net 1 GND))
    (model ${KISYS3DMOD}/Capacitor_SMD.3dshapes/C_0603_1608Metric.wrl
      (at (xyz 0 0 0))
      (scale (xyz 1 1 1))
      (rotate (xyz 0 0 0))
    )
  )

  (module Capacitor_SMD:C_0603_1608Metric (layer F.Cu) (tedit 5B301BBE) (tstamp 5F2980FC)
    (at 118.4 52.4875 270)
    (descr "Capacitor SMD 0603 (1608 Metric), square (rectangular) end terminal, IPC_7351 nominal, (Body size source: http://www.tortai-tech.com/upload/download/2011102023233369053.pdf), generated with kicad-footprint-generator")
    (tags capacitor)
    (path /5F46795F)
    (attr smd)
    (fp_text reference C5 (at -2.0375 0.25 180) (layer F.SilkS)
      (effects (font (size 1 1) (thickness 0.15)))
    )
    (fp_text value 1uF (at 0 1.43 90) (layer F.Fab)
      (effects (font (size 1 1) (thickness 0.15)))
    )
    (fp_line (start 1.48 0.73) (end -1.48 0.73) (layer F.CrtYd) (width 0.05))
    (fp_line (start 1.48 -0.73) (end 1.48 0.73) (layer F.CrtYd) (width 0.05))
    (fp_line (start -1.48 -0.73) (end 1.48 -0.73) (layer F.CrtYd) (width 0.05))
    (fp_line (start -1.48 0.73) (end -1.48 -0.73) (layer F.CrtYd) (width 0.05))
    (fp_line (start -0.162779 0.51) (end 0.162779 0.51) (layer F.SilkS) (width 0.12))
    (fp_line (start -0.162779 -0.51) (end 0.162779 -0.51) (layer F.SilkS) (width 0.12))
    (fp_line (start 0.8 0.4) (end -0.8 0.4) (layer F.Fab) (width 0.1))
    (fp_line (start 0.8 -0.4) (end 0.8 0.4) (layer F.Fab) (width 0.1))
    (fp_line (start -0.8 -0.4) (end 0.8 -0.4) (layer F.Fab) (width 0.1))
    (fp_line (start -0.8 0.4) (end -0.8 -0.4) (layer F.Fab) (width 0.1))
    (fp_text user %R (at 0 0 90) (layer F.Fab)
      (effects (font (size 0.4 0.4) (thickness 0.06)))
    )
    (pad 2 smd roundrect (at 0.7875 0 270) (size 0.875 0.95) (layers F.Cu F.Paste F.Mask) (roundrect_rratio 0.25)
      (net 1 GND))
    (pad 1 smd roundrect (at -0.7875 0 270) (size 0.875 0.95) (layers F.Cu F.Paste F.Mask) (roundrect_rratio 0.25)
      (net 56 /CAM_PWDN))
    (model ${KISYS3DMOD}/Capacitor_SMD.3dshapes/C_0603_1608Metric.wrl
      (at (xyz 0 0 0))
      (scale (xyz 1 1 1))
      (rotate (xyz 0 0 0))
    )
  )

  (module Capacitor_SMD:C_0603_1608Metric (layer F.Cu) (tedit 5B301BBE) (tstamp 5F29810D)
    (at 122.4 57.1875 90)
    (descr "Capacitor SMD 0603 (1608 Metric), square (rectangular) end terminal, IPC_7351 nominal, (Body size source: http://www.tortai-tech.com/upload/download/2011102023233369053.pdf), generated with kicad-footprint-generator")
    (tags capacitor)
    (path /5F4BAD32)
    (attr smd)
    (fp_text reference C6 (at 2.2 -0.1 180) (layer F.SilkS)
      (effects (font (size 1 1) (thickness 0.15)))
    )
    (fp_text value 10uF (at 0 1.43 90) (layer F.Fab)
      (effects (font (size 1 1) (thickness 0.15)))
    )
    (fp_line (start -0.8 0.4) (end -0.8 -0.4) (layer F.Fab) (width 0.1))
    (fp_line (start -0.8 -0.4) (end 0.8 -0.4) (layer F.Fab) (width 0.1))
    (fp_line (start 0.8 -0.4) (end 0.8 0.4) (layer F.Fab) (width 0.1))
    (fp_line (start 0.8 0.4) (end -0.8 0.4) (layer F.Fab) (width 0.1))
    (fp_line (start -0.162779 -0.51) (end 0.162779 -0.51) (layer F.SilkS) (width 0.12))
    (fp_line (start -0.162779 0.51) (end 0.162779 0.51) (layer F.SilkS) (width 0.12))
    (fp_line (start -1.48 0.73) (end -1.48 -0.73) (layer F.CrtYd) (width 0.05))
    (fp_line (start -1.48 -0.73) (end 1.48 -0.73) (layer F.CrtYd) (width 0.05))
    (fp_line (start 1.48 -0.73) (end 1.48 0.73) (layer F.CrtYd) (width 0.05))
    (fp_line (start 1.48 0.73) (end -1.48 0.73) (layer F.CrtYd) (width 0.05))
    (fp_text user %R (at 0 0 90) (layer F.Fab)
      (effects (font (size 0.4 0.4) (thickness 0.06)))
    )
    (pad 1 smd roundrect (at -0.7875 0 90) (size 0.875 0.95) (layers F.Cu F.Paste F.Mask) (roundrect_rratio 0.25)
      (net 6 +1V2))
    (pad 2 smd roundrect (at 0.7875 0 90) (size 0.875 0.95) (layers F.Cu F.Paste F.Mask) (roundrect_rratio 0.25)
      (net 1 GND))
    (model ${KISYS3DMOD}/Capacitor_SMD.3dshapes/C_0603_1608Metric.wrl
      (at (xyz 0 0 0))
      (scale (xyz 1 1 1))
      (rotate (xyz 0 0 0))
    )
  )

  (module Resistor_SMD:R_0603_1608Metric (layer B.Cu) (tedit 5B301BBD) (tstamp 5F298248)
    (at 128.25 73.9875 270)
    (descr "Resistor SMD 0603 (1608 Metric), square (rectangular) end terminal, IPC_7351 nominal, (Body size source: http://www.tortai-tech.com/upload/download/2011102023233369053.pdf), generated with kicad-footprint-generator")
    (tags resistor)
    (path /5F309F3F)
    (attr smd)
    (fp_text reference R2 (at 2.0625 0.85 180) (layer B.SilkS)
      (effects (font (size 1 1) (thickness 0.15)) (justify mirror))
    )
    (fp_text value 33k (at 0 -1.43 90) (layer B.Fab)
      (effects (font (size 1 1) (thickness 0.15)) (justify mirror))
    )
    (fp_line (start 1.48 -0.73) (end -1.48 -0.73) (layer B.CrtYd) (width 0.05))
    (fp_line (start 1.48 0.73) (end 1.48 -0.73) (layer B.CrtYd) (width 0.05))
    (fp_line (start -1.48 0.73) (end 1.48 0.73) (layer B.CrtYd) (width 0.05))
    (fp_line (start -1.48 -0.73) (end -1.48 0.73) (layer B.CrtYd) (width 0.05))
    (fp_line (start -0.162779 -0.51) (end 0.162779 -0.51) (layer B.SilkS) (width 0.12))
    (fp_line (start -0.162779 0.51) (end 0.162779 0.51) (layer B.SilkS) (width 0.12))
    (fp_line (start 0.8 -0.4) (end -0.8 -0.4) (layer B.Fab) (width 0.1))
    (fp_line (start 0.8 0.4) (end 0.8 -0.4) (layer B.Fab) (width 0.1))
    (fp_line (start -0.8 0.4) (end 0.8 0.4) (layer B.Fab) (width 0.1))
    (fp_line (start -0.8 -0.4) (end -0.8 0.4) (layer B.Fab) (width 0.1))
    (fp_text user %R (at 0 0 90) (layer B.Fab)
      (effects (font (size 0.4 0.4) (thickness 0.06)) (justify mirror))
    )
    (pad 2 smd roundrect (at 0.7875 0 270) (size 0.875 0.95) (layers B.Cu B.Paste B.Mask) (roundrect_rratio 0.25)
      (net 73 "Net-(C1-Pad1)"))
    (pad 1 smd roundrect (at -0.7875 0 270) (size 0.875 0.95) (layers B.Cu B.Paste B.Mask) (roundrect_rratio 0.25)
      (net 56 /CAM_PWDN))
    (model ${KISYS3DMOD}/Resistor_SMD.3dshapes/R_0603_1608Metric.wrl
      (at (xyz 0 0 0))
      (scale (xyz 1 1 1))
      (rotate (xyz 0 0 0))
    )
  )

  (module Resistor_SMD:R_0603_1608Metric (layer F.Cu) (tedit 5B301BBD) (tstamp 5F298259)
    (at 120.4 52.4875 270)
    (descr "Resistor SMD 0603 (1608 Metric), square (rectangular) end terminal, IPC_7351 nominal, (Body size source: http://www.tortai-tech.com/upload/download/2011102023233369053.pdf), generated with kicad-footprint-generator")
    (tags resistor)
    (path /5F2EC1EB)
    (attr smd)
    (fp_text reference R3 (at -2.0375 0.05) (layer F.SilkS)
      (effects (font (size 1 1) (thickness 0.15)))
    )
    (fp_text value 33k (at 0 1.43 90) (layer F.Fab)
      (effects (font (size 1 1) (thickness 0.15)))
    )
    (fp_line (start -0.8 0.4) (end -0.8 -0.4) (layer F.Fab) (width 0.1))
    (fp_line (start -0.8 -0.4) (end 0.8 -0.4) (layer F.Fab) (width 0.1))
    (fp_line (start 0.8 -0.4) (end 0.8 0.4) (layer F.Fab) (width 0.1))
    (fp_line (start 0.8 0.4) (end -0.8 0.4) (layer F.Fab) (width 0.1))
    (fp_line (start -0.162779 -0.51) (end 0.162779 -0.51) (layer F.SilkS) (width 0.12))
    (fp_line (start -0.162779 0.51) (end 0.162779 0.51) (layer F.SilkS) (width 0.12))
    (fp_line (start -1.48 0.73) (end -1.48 -0.73) (layer F.CrtYd) (width 0.05))
    (fp_line (start -1.48 -0.73) (end 1.48 -0.73) (layer F.CrtYd) (width 0.05))
    (fp_line (start 1.48 -0.73) (end 1.48 0.73) (layer F.CrtYd) (width 0.05))
    (fp_line (start 1.48 0.73) (end -1.48 0.73) (layer F.CrtYd) (width 0.05))
    (fp_text user %R (at 0 0 90) (layer F.Fab)
      (effects (font (size 0.4 0.4) (thickness 0.06)))
    )
    (pad 1 smd roundrect (at -0.7875 0 270) (size 0.875 0.95) (layers F.Cu F.Paste F.Mask) (roundrect_rratio 0.25)
      (net 56 /CAM_PWDN))
    (pad 2 smd roundrect (at 0.7875 0 270) (size 0.875 0.95) (layers F.Cu F.Paste F.Mask) (roundrect_rratio 0.25)
      (net 74 "Net-(C4-Pad1)"))
    (model ${KISYS3DMOD}/Resistor_SMD.3dshapes/R_0603_1608Metric.wrl
      (at (xyz 0 0 0))
      (scale (xyz 1 1 1))
      (rotate (xyz 0 0 0))
    )
  )

  (module Resistor_SMD:R_0603_1608Metric (layer B.Cu) (tedit 5B301BBD) (tstamp 5F29826A)
    (at 117.9375 55.3 180)
    (descr "Resistor SMD 0603 (1608 Metric), square (rectangular) end terminal, IPC_7351 nominal, (Body size source: http://www.tortai-tech.com/upload/download/2011102023233369053.pdf), generated with kicad-footprint-generator")
    (tags resistor)
    (path /5F6449E3)
    (attr smd)
    (fp_text reference R4 (at 2.4625 0.05) (layer B.SilkS)
      (effects (font (size 1 1) (thickness 0.15)) (justify mirror))
    )
    (fp_text value 10k (at 0 -1.43) (layer B.Fab)
      (effects (font (size 1 1) (thickness 0.15)) (justify mirror))
    )
    (fp_line (start 1.48 -0.73) (end -1.48 -0.73) (layer B.CrtYd) (width 0.05))
    (fp_line (start 1.48 0.73) (end 1.48 -0.73) (layer B.CrtYd) (width 0.05))
    (fp_line (start -1.48 0.73) (end 1.48 0.73) (layer B.CrtYd) (width 0.05))
    (fp_line (start -1.48 -0.73) (end -1.48 0.73) (layer B.CrtYd) (width 0.05))
    (fp_line (start -0.162779 -0.51) (end 0.162779 -0.51) (layer B.SilkS) (width 0.12))
    (fp_line (start -0.162779 0.51) (end 0.162779 0.51) (layer B.SilkS) (width 0.12))
    (fp_line (start 0.8 -0.4) (end -0.8 -0.4) (layer B.Fab) (width 0.1))
    (fp_line (start 0.8 0.4) (end 0.8 -0.4) (layer B.Fab) (width 0.1))
    (fp_line (start -0.8 0.4) (end 0.8 0.4) (layer B.Fab) (width 0.1))
    (fp_line (start -0.8 -0.4) (end -0.8 0.4) (layer B.Fab) (width 0.1))
    (fp_text user %R (at 0 0) (layer B.Fab)
      (effects (font (size 0.4 0.4) (thickness 0.06)) (justify mirror))
    )
    (pad 2 smd roundrect (at 0.7875 0 180) (size 0.875 0.95) (layers B.Cu B.Paste B.Mask) (roundrect_rratio 0.25)
      (net 7 +1V8))
    (pad 1 smd roundrect (at -0.7875 0 180) (size 0.875 0.95) (layers B.Cu B.Paste B.Mask) (roundrect_rratio 0.25)
      (net 16 /GPIO0_XMASTER0))
    (model ${KISYS3DMOD}/Resistor_SMD.3dshapes/R_0603_1608Metric.wrl
      (at (xyz 0 0 0))
      (scale (xyz 1 1 1))
      (rotate (xyz 0 0 0))
    )
  )

  (module Resistor_SMD:R_0603_1608Metric (layer B.Cu) (tedit 5B301BBD) (tstamp 5F29827B)
    (at 117.95 53.1 180)
    (descr "Resistor SMD 0603 (1608 Metric), square (rectangular) end terminal, IPC_7351 nominal, (Body size source: http://www.tortai-tech.com/upload/download/2011102023233369053.pdf), generated with kicad-footprint-generator")
    (tags resistor)
    (path /5F62099B)
    (attr smd)
    (fp_text reference R5 (at 2.5 -0.05) (layer B.SilkS)
      (effects (font (size 1 1) (thickness 0.15)) (justify mirror))
    )
    (fp_text value 10k (at 0 -1.43) (layer B.Fab)
      (effects (font (size 1 1) (thickness 0.15)) (justify mirror))
    )
    (fp_line (start -0.8 -0.4) (end -0.8 0.4) (layer B.Fab) (width 0.1))
    (fp_line (start -0.8 0.4) (end 0.8 0.4) (layer B.Fab) (width 0.1))
    (fp_line (start 0.8 0.4) (end 0.8 -0.4) (layer B.Fab) (width 0.1))
